id            ra              dec            ra(subaru)     dec(subaru)
W_010001     128.6040000      -1.3000000     083424.960     -011800.00
W_010002     129.9040000      -1.3000000     083936.960     -011800.00
W_010003     131.2030000      -1.3000000     084448.720     -011800.00
W_010004     132.5020000      -1.3000000     085000.480     -011800.00
W_010005     133.8010000      -1.3000000     085512.240     -011800.00
W_010006     135.1000000      -1.3000000     090024.000     -011800.00
W_010007     136.3990000      -1.3000000     090535.760     -011800.00
W_010008     137.6980000      -1.3000000     091047.520     -011800.00
W_010009     138.9970000      -1.3000000     091559.280     -011800.00
W_010010     140.2960000      -1.3000000     092111.040     -011800.00
W_010011     141.5950000      -1.3000000     092622.800     -011800.00
W_010012     142.8941920      -1.3000000     093134.606     -011800.00
W_010013     144.1932300      -1.3000000     093646.375     -011800.00
W_010014     145.4922680      -1.3000000     094158.144     -011800.00
W_010015     146.7913060      -1.3000000     094709.913     -011800.00
W_010016     148.0903440      -1.3000000     095221.683     -011800.00
W_010017     149.3893820      -1.3000000     095733.452     -011800.00
W_010018     150.6884200      -1.3000000     100245.221     -011800.00
W_010019     151.9874580      -1.3000000     100756.990     -011800.00
W_010020     153.2864960      -1.3000000     101308.759     -011800.00
W_010021     154.5855350      -1.3000000     101820.528     -011800.00
W_010022     155.8845730      -1.3000000     102332.298     -011800.00
W_010023     157.1836110      -1.3000000     102844.067     -011800.00
W_010024     158.4826490      -1.3000000     103355.836     -011800.00
W_010025     159.7816870      -1.3000000     103907.605     -011800.00
W_010026     161.0807250      -1.3000000     104419.374     -011800.00
W_010027     162.3797630      -1.3000000     104931.143     -011800.00
W_010028     163.6788010      -1.3000000     105442.912     -011800.00
W_010029     164.9778390      -1.3000000     105954.681     -011800.00
W_010030     166.2768780      -1.3000000     110506.451     -011800.00
W_010031     167.5759160      -1.3000000     111018.220     -011800.00
W_010032     168.8749540      -1.3000000     111529.989     -011800.00
W_010033     170.1739920      -1.3000000     112041.758     -011800.00
W_010034     171.4730300      -1.3000000     112553.527     -011800.00
W_010035     172.7720680      -1.3000000     113105.296     -011800.00
W_010036     174.0711060      -1.3000000     113617.065     -011800.00
W_010037     175.3701440      -1.3000000     114128.835     -011800.00
W_010038     176.6691820      -1.3000000     114640.604     -011800.00
W_010039     177.9682200      -1.3000000     115152.373     -011800.00
W_010040     179.2672590      -1.3000000     115704.142     -011800.00
W_010041     180.5662970      -1.3000000     120215.911     -011800.00
W_010042     181.8653350      -1.3000000     120727.680     -011800.00
W_010043     183.1643730      -1.3000000     121239.450     -011800.00
W_010044     184.4634110      -1.3000000     121751.219     -011800.00
W_010045     185.7624490      -1.3000000     122302.988     -011800.00
W_010046     187.0614870      -1.3000000     122814.757     -011800.00
W_010047     188.3605250      -1.3000000     123326.526     -011800.00
W_010048     189.6595630      -1.3000000     123838.295     -011800.00
W_010049     190.9586020      -1.3000000     124350.064     -011800.00
W_010050     192.2576400      -1.3000000     124901.834     -011800.00
W_010051     193.5566780      -1.3000000     125413.603     -011800.00
W_010052     194.8557160      -1.3000000     125925.372     -011800.00
W_010053     196.1547540      -1.3000000     130437.141     -011800.00
W_010054     197.4537920      -1.3000000     130948.910     -011800.00
W_010055     198.7528300      -1.3000000     131500.679     -011800.00
W_010056     200.0518680      -1.3000000     132012.448     -011800.00
W_010057     201.3509060      -1.3000000     132524.217     -011800.00
W_010058     202.6499440      -1.3000000     133035.987     -011800.00
W_010059     203.9489830      -1.3000000     133547.756     -011800.00
W_010060     205.2480210      -1.3000000     134059.525     -011800.00
W_010061     206.5470590      -1.3000000     134611.294     -011800.00
W_010062     207.8460970      -1.3000000     135123.063     -011800.00
W_010063     209.1451350      -1.3000000     135634.832     -011800.00
W_010064     210.4441730      -1.3000000     140146.602     -011800.00
W_010065     211.7432110      -1.3000000     140658.371     -011800.00
W_010066     213.0422490      -1.3000000     141210.140     -011800.00
W_010067     214.3412870      -1.3000000     141721.909     -011800.00
W_010068     215.6403260      -1.3000000     142233.678     -011800.00
W_010069     216.9393640      -1.3000000     142745.447     -011800.00
W_010070     218.2384020      -1.3000000     143257.216     -011800.00
W_010071     219.5374400      -1.3000000     143808.986     -011800.00
W_010072     220.8364780      -1.3000000     144320.755     -011800.00
W_010073     222.1355160      -1.3000000     144832.524     -011800.00
W_010074     223.4345540      -1.3000000     145344.293     -011800.00
W_010075     224.7335920      -1.3000000     145856.062     -011800.00
W_010076     129.2540000      -0.1750000     083700.960     -001030.00
W_010077     130.5530000      -0.1750000     084212.720     -001030.00
W_010078     131.8520000      -0.1750000     084724.480     -001030.00
W_010079     133.1510000      -0.1750000     085236.240     -001030.00
W_010080     134.4500000      -0.1750000     085748.000     -001030.00
W_010081     135.7490000      -0.1750000     090259.760     -001030.00
W_010082     137.0490000      -0.1750000     090811.760     -001030.00
W_010083     138.3480000      -0.1750000     091323.520     -001030.00
W_010084     139.6470000      -0.1750000     091835.280     -001030.00
W_010085     140.9460000      -0.1750000     092347.040     -001030.00
W_010086     142.2450000      -0.1750000     092858.800     -001030.00
W_010087     143.5437110      -0.1750000     093410.491     -001030.00
W_010088     144.8427490      -0.1750000     093922.260     -001030.00
W_010089     146.1417870      -0.1750000     094434.029     -001030.00
W_010090     147.4408250      -0.1750000     094945.798     -001030.00
W_010091     148.7398630      -0.1750000     095457.567     -001030.00
W_010092     150.0389010      -0.1750000     100009.336     -001030.00
W_010093     151.3379390      -0.1750000     100521.105     -001030.00
W_010094     152.6369770      -0.1750000     101032.874     -001030.00
W_010095     153.9360160      -0.1750000     101544.644     -001030.00
W_010096     155.2350540      -0.1750000     102056.413     -001030.00
W_010097     156.5340920      -0.1750000     102608.182     -001030.00
W_010098     157.8331300      -0.1750000     103119.951     -001030.00
W_010099     159.1321680      -0.1750000     103631.720     -001030.00
W_010100     160.4312060      -0.1750000     104143.489     -001030.00
W_010101     161.7302440      -0.1750000     104655.259     -001030.00
W_010102     163.0292820      -0.1750000     105207.028     -001030.00
W_010103     164.3283200      -0.1750000     105718.797     -001030.00
W_010104     165.6273580      -0.1750000     110230.566     -001030.00
W_010105     166.9263970      -0.1750000     110742.335     -001030.00
W_010106     168.2254350      -0.1750000     111254.104     -001030.00
W_010107     169.5244730      -0.1750000     111805.874     -001030.00
W_010108     170.8235110      -0.1750000     112317.643     -001030.00
W_010109     172.1225490      -0.1750000     112829.412     -001030.00
W_010110     173.4215870      -0.1750000     113341.181     -001030.00
W_010111     174.7206250      -0.1750000     113852.950     -001030.00
W_010112     176.0196630      -0.1750000     114404.719     -001030.00
W_010113     177.3187010      -0.1750000     114916.488     -001030.00
W_010114     178.6177400      -0.1750000     115428.258     -001030.00
W_010115     179.9167780      -0.1750000     115940.027     -001030.00
W_010116     181.2158160      -0.1750000     120451.796     -001030.00
W_010117     182.5148540      -0.1750000     121003.565     -001030.00
W_010118     183.8138920      -0.1750000     121515.334     -001030.00
W_010119     185.1129300      -0.1750000     122027.103     -001030.00
W_010120     186.4119680      -0.1750000     122538.872     -001030.00
W_010121     187.7110060      -0.1750000     123050.641     -001030.00
W_010122     189.0100440      -0.1750000     123602.411     -001030.00
W_010123     190.3090820      -0.1750000     124114.180     -001030.00
W_010124     191.6081210      -0.1750000     124625.949     -001030.00
W_010125     192.9071590      -0.1750000     125137.718     -001030.00
W_010126     194.2061970      -0.1750000     125649.487     -001030.00
W_010127     195.5052350      -0.1750000     130201.256     -001030.00
W_010128     196.8042730      -0.1750000     130713.026     -001030.00
W_010129     198.1033110      -0.1750000     131224.795     -001030.00
W_010130     199.4023490      -0.1750000     131736.564     -001030.00
W_010131     200.7013870      -0.1750000     132248.333     -001030.00
W_010132     202.0004250      -0.1750000     132800.102     -001030.00
W_010133     203.2994640      -0.1750000     133311.871     -001030.00
W_010134     204.5985020      -0.1750000     133823.640     -001030.00
W_010135     205.8975400      -0.1750000     134335.410     -001030.00
W_010136     207.1965780      -0.1750000     134847.179     -001030.00
W_010137     208.4956160      -0.1750000     135358.948     -001030.00
W_010138     209.7946540      -0.1750000     135910.717     -001030.00
W_010139     211.0936920      -0.1750000     140422.486     -001030.00
W_010140     212.3927300      -0.1750000     140934.255     -001030.00
W_010141     213.6917680      -0.1750000     141446.024     -001030.00
W_010142     214.9908060      -0.1750000     141957.793     -001030.00
W_010143     216.2898450      -0.1750000     142509.563     -001030.00
W_010144     217.5888830      -0.1750000     143021.332     -001030.00
W_010145     218.8879210      -0.1750000     143533.101     -001030.00
W_010146     220.1869590      -0.1750000     144044.870     -001030.00
W_010147     221.4859970      -0.1750000     144556.639     -001030.00
W_010148     222.7850350      -0.1750000     145108.408     -001030.00
W_010149     224.0840730      -0.1750000     145620.178     -001030.00
W_010150     225.3831110      -0.1750000     150131.947     -001030.00
W_010151     128.6040000       0.9500000     083424.960     +005700.00
W_010152     129.9040000       0.9500000     083936.960     +005700.00
W_010153     131.2030000       0.9500000     084448.720     +005700.00
W_010154     132.5020000       0.9500000     085000.480     +005700.00
W_010155     133.8010000       0.9500000     085512.240     +005700.00
W_010156     135.1000000       0.9500000     090024.000     +005700.00
W_010157     136.3990000       0.9500000     090535.760     +005700.00
W_010158     137.6980000       0.9500000     091047.520     +005700.00
W_010159     138.9970000       0.9500000     091559.280     +005700.00
W_010160     140.2960000       0.9500000     092111.040     +005700.00
W_010161     141.5950000       0.9500000     092622.800     +005700.00
W_010162     142.8941920       0.9500000     093134.606     +005700.00
W_010163     144.1932300       0.9500000     093646.375     +005700.00
W_010164     145.4922680       0.9500000     094158.144     +005700.00
W_010165     146.7913060       0.9500000     094709.913     +005700.00
W_010166     148.0903440       0.9500000     095221.683     +005700.00
W_010167     149.3893820       0.9500000     095733.452     +005700.00
W_010168     150.6884200       0.9500000     100245.221     +005700.00
W_010169     151.9874580       0.9500000     100756.990     +005700.00
W_010170     153.2864960       0.9500000     101308.759     +005700.00
W_010171     154.5855350       0.9500000     101820.528     +005700.00
W_010172     155.8845730       0.9500000     102332.298     +005700.00
W_010173     157.1836110       0.9500000     102844.067     +005700.00
W_010174     158.4826490       0.9500000     103355.836     +005700.00
W_010175     159.7816870       0.9500000     103907.605     +005700.00
W_010176     161.0807250       0.9500000     104419.374     +005700.00
W_010177     162.3797630       0.9500000     104931.143     +005700.00
W_010178     163.6788010       0.9500000     105442.912     +005700.00
W_010179     164.9778390       0.9500000     105954.681     +005700.00
W_010180     166.2768780       0.9500000     110506.451     +005700.00
W_010181     167.5759160       0.9500000     111018.220     +005700.00
W_010182     168.8749540       0.9500000     111529.989     +005700.00
W_010183     170.1739920       0.9500000     112041.758     +005700.00
W_010184     171.4730300       0.9500000     112553.527     +005700.00
W_010185     172.7720680       0.9500000     113105.296     +005700.00
W_010186     174.0711060       0.9500000     113617.065     +005700.00
W_010187     175.3701440       0.9500000     114128.835     +005700.00
W_010188     176.6691820       0.9500000     114640.604     +005700.00
W_010189     177.9682200       0.9500000     115152.373     +005700.00
W_010190     179.2672590       0.9500000     115704.142     +005700.00
W_010191     180.5662970       0.9500000     120215.911     +005700.00
W_010192     181.8653350       0.9500000     120727.680     +005700.00
W_010193     183.1643730       0.9500000     121239.450     +005700.00
W_010194     184.4634110       0.9500000     121751.219     +005700.00
W_010195     185.7624490       0.9500000     122302.988     +005700.00
W_010196     187.0614870       0.9500000     122814.757     +005700.00
W_010197     188.3605250       0.9500000     123326.526     +005700.00
W_010198     189.6595630       0.9500000     123838.295     +005700.00
W_010199     190.9586020       0.9500000     124350.064     +005700.00
W_010200     192.2576400       0.9500000     124901.834     +005700.00
W_010201     193.5566780       0.9500000     125413.603     +005700.00
W_010202     194.8557160       0.9500000     125925.372     +005700.00
W_010203     196.1547540       0.9500000     130437.141     +005700.00
W_010204     197.4537920       0.9500000     130948.910     +005700.00
W_010205     198.7528300       0.9500000     131500.679     +005700.00
W_010206     200.0518680       0.9500000     132012.448     +005700.00
W_010207     201.3509060       0.9500000     132524.217     +005700.00
W_010208     202.6499440       0.9500000     133035.987     +005700.00
W_010209     203.9489830       0.9500000     133547.756     +005700.00
W_010210     205.2480210       0.9500000     134059.525     +005700.00
W_010211     206.5470590       0.9500000     134611.294     +005700.00
W_010212     207.8460970       0.9500000     135123.063     +005700.00
W_010213     209.1451350       0.9500000     135634.832     +005700.00
W_010214     210.4441730       0.9500000     140146.602     +005700.00
W_010215     211.7432110       0.9500000     140658.371     +005700.00
W_010216     213.0422490       0.9500000     141210.140     +005700.00
W_010217     214.3412870       0.9500000     141721.909     +005700.00
W_010218     215.6403260       0.9500000     142233.678     +005700.00
W_010219     216.9393640       0.9500000     142745.447     +005700.00
W_010220     218.2384020       0.9500000     143257.216     +005700.00
W_010221     219.5374400       0.9500000     143808.986     +005700.00
W_010222     220.8364780       0.9500000     144320.755     +005700.00
W_010223     222.1355160       0.9500000     144832.524     +005700.00
W_010224     223.4345540       0.9500000     145344.293     +005700.00
W_010225     224.7335920       0.9500000     145856.062     +005700.00
W_010226     129.2540000       2.0750000     083700.960     +020430.00
W_010227     130.5530000       2.0750000     084212.720     +020430.00
W_010228     131.8520000       2.0750000     084724.480     +020430.00
W_010229     133.1510000       2.0750000     085236.240     +020430.00
W_010230     134.4500000       2.0750000     085748.000     +020430.00
W_010231     135.7490000       2.0750000     090259.760     +020430.00
W_010232     137.0490000       2.0750000     090811.760     +020430.00
W_010233     138.3480000       2.0750000     091323.520     +020430.00
W_010234     139.6470000       2.0750000     091835.280     +020430.00
W_010235     140.9460000       2.0750000     092347.040     +020430.00
W_010236     142.2450000       2.0750000     092858.800     +020430.00
W_010237     143.5437110       2.0750000     093410.491     +020430.00
W_010238     144.8427490       2.0750000     093922.260     +020430.00
W_010239     146.1417870       2.0750000     094434.029     +020430.00
W_010240     147.4408250       2.0750000     094945.798     +020430.00
W_010241     148.7398630       2.0750000     095457.567     +020430.00
W_010242     150.0389010       2.0750000     100009.336     +020430.00
W_010243     151.3379390       2.0750000     100521.105     +020430.00
W_010244     152.6369770       2.0750000     101032.874     +020430.00
W_010245     153.9360160       2.0750000     101544.644     +020430.00
W_010246     155.2350540       2.0750000     102056.413     +020430.00
W_010247     156.5340920       2.0750000     102608.182     +020430.00
W_010248     157.8331300       2.0750000     103119.951     +020430.00
W_010249     159.1321680       2.0750000     103631.720     +020430.00
W_010250     160.4312060       2.0750000     104143.489     +020430.00
W_010251     161.7302440       2.0750000     104655.259     +020430.00
W_010252     163.0292820       2.0750000     105207.028     +020430.00
W_010253     164.3283200       2.0750000     105718.797     +020430.00
W_010254     165.6273580       2.0750000     110230.566     +020430.00
W_010255     166.9263970       2.0750000     110742.335     +020430.00
W_010256     168.2254350       2.0750000     111254.104     +020430.00
W_010257     169.5244730       2.0750000     111805.874     +020430.00
W_010258     170.8235110       2.0750000     112317.643     +020430.00
W_010259     172.1225490       2.0750000     112829.412     +020430.00
W_010260     173.4215870       2.0750000     113341.181     +020430.00
W_010261     174.7206250       2.0750000     113852.950     +020430.00
W_010262     176.0196630       2.0750000     114404.719     +020430.00
W_010263     177.3187010       2.0750000     114916.488     +020430.00
W_010264     178.6177400       2.0750000     115428.258     +020430.00
W_010265     179.9167780       2.0750000     115940.027     +020430.00
W_010266     181.2158160       2.0750000     120451.796     +020430.00
W_010267     182.5148540       2.0750000     121003.565     +020430.00
W_010268     183.8138920       2.0750000     121515.334     +020430.00
W_010269     185.1129300       2.0750000     122027.103     +020430.00
W_010270     186.4119680       2.0750000     122538.872     +020430.00
W_010271     187.7110060       2.0750000     123050.641     +020430.00
W_010272     189.0100440       2.0750000     123602.411     +020430.00
W_010273     190.3090820       2.0750000     124114.180     +020430.00
W_010274     191.6081210       2.0750000     124625.949     +020430.00
W_010275     192.9071590       2.0750000     125137.718     +020430.00
W_010276     194.2061970       2.0750000     125649.487     +020430.00
W_010277     195.5052350       2.0750000     130201.256     +020430.00
W_010278     196.8042730       2.0750000     130713.026     +020430.00
W_010279     198.1033110       2.0750000     131224.795     +020430.00
W_010280     199.4023490       2.0750000     131736.564     +020430.00
W_010281     200.7013870       2.0750000     132248.333     +020430.00
W_010282     202.0004250       2.0750000     132800.102     +020430.00
W_010283     203.2994640       2.0750000     133311.871     +020430.00
W_010284     204.5985020       2.0750000     133823.640     +020430.00
W_010285     205.8975400       2.0750000     134335.410     +020430.00
W_010286     207.1965780       2.0750000     134847.179     +020430.00
W_010287     208.4956160       2.0750000     135358.948     +020430.00
W_010288     209.7946540       2.0750000     135910.717     +020430.00
W_010289     211.0936920       2.0750000     140422.486     +020430.00
W_010290     212.3927300       2.0750000     140934.255     +020430.00
W_010291     213.6917680       2.0750000     141446.024     +020430.00
W_010292     214.9908060       2.0750000     141957.793     +020430.00
W_010293     216.2898450       2.0750000     142509.563     +020430.00
W_010294     217.5888830       2.0750000     143021.332     +020430.00
W_010295     218.8879210       2.0750000     143533.101     +020430.00
W_010296     220.1869590       2.0750000     144044.870     +020430.00
W_010297     221.4859970       2.0750000     144556.639     +020430.00
W_010298     222.7850350       2.0750000     145108.408     +020430.00
W_010299     224.0840730       2.0750000     145620.178     +020430.00
W_010300     225.3831110       2.0750000     150131.947     +020430.00
W_010301     128.6040000       3.2000000     083424.960     +031200.00
W_010302     129.9040000       3.2000000     083936.960     +031200.00
W_010303     131.2030000       3.2000000     084448.720     +031200.00
W_010304     132.5020000       3.2000000     085000.480     +031200.00
W_010305     133.8010000       3.2000000     085512.240     +031200.00
W_010306     135.1000000       3.2000000     090024.000     +031200.00
W_010307     136.3990000       3.2000000     090535.760     +031200.00
W_010308     137.6980000       3.2000000     091047.520     +031200.00
W_010309     138.9970000       3.2000000     091559.280     +031200.00
W_010310     140.2960000       3.2000000     092111.040     +031200.00
W_010311     141.5950000       3.2000000     092622.800     +031200.00
W_010312     142.8941920       3.2000000     093134.606     +031200.00
W_010313     144.1932300       3.2000000     093646.375     +031200.00
W_010314     145.4922680       3.2000000     094158.144     +031200.00
W_010315     146.7913060       3.2000000     094709.913     +031200.00
W_010316     148.0903440       3.2000000     095221.683     +031200.00
W_010317     149.3893820       3.2000000     095733.452     +031200.00
W_010318     150.6884200       3.2000000     100245.221     +031200.00
W_010319     151.9874580       3.2000000     100756.990     +031200.00
W_010320     153.2864960       3.2000000     101308.759     +031200.00
W_010321     154.5855350       3.2000000     101820.528     +031200.00
W_010322     155.8845730       3.2000000     102332.298     +031200.00
W_010323     157.1836110       3.2000000     102844.067     +031200.00
W_010324     158.4826490       3.2000000     103355.836     +031200.00
W_010325     159.7816870       3.2000000     103907.605     +031200.00
W_010326     161.0807250       3.2000000     104419.374     +031200.00
W_010327     162.3797630       3.2000000     104931.143     +031200.00
W_010328     163.6788010       3.2000000     105442.912     +031200.00
W_010329     164.9778390       3.2000000     105954.681     +031200.00
W_010330     166.2768780       3.2000000     110506.451     +031200.00
W_010331     167.5759160       3.2000000     111018.220     +031200.00
W_010332     168.8749540       3.2000000     111529.989     +031200.00
W_010333     170.1739920       3.2000000     112041.758     +031200.00
W_010334     171.4730300       3.2000000     112553.527     +031200.00
W_010335     172.7720680       3.2000000     113105.296     +031200.00
W_010336     174.0711060       3.2000000     113617.065     +031200.00
W_010337     175.3701440       3.2000000     114128.835     +031200.00
W_010338     176.6691820       3.2000000     114640.604     +031200.00
W_010339     177.9682200       3.2000000     115152.373     +031200.00
W_010340     179.2672590       3.2000000     115704.142     +031200.00
W_010341     180.5662970       3.2000000     120215.911     +031200.00
W_010342     181.8653350       3.2000000     120727.680     +031200.00
W_010343     183.1643730       3.2000000     121239.450     +031200.00
W_010344     184.4634110       3.2000000     121751.219     +031200.00
W_010345     185.7624490       3.2000000     122302.988     +031200.00
W_010346     187.0614870       3.2000000     122814.757     +031200.00
W_010347     188.3605250       3.2000000     123326.526     +031200.00
W_010348     189.6595630       3.2000000     123838.295     +031200.00
W_010349     190.9586020       3.2000000     124350.064     +031200.00
W_010350     192.2576400       3.2000000     124901.834     +031200.00
W_010351     193.5566780       3.2000000     125413.603     +031200.00
W_010352     194.8557160       3.2000000     125925.372     +031200.00
W_010353     196.1547540       3.2000000     130437.141     +031200.00
W_010354     197.4537920       3.2000000     130948.910     +031200.00
W_010355     198.7528300       3.2000000     131500.679     +031200.00
W_010356     200.0518680       3.2000000     132012.448     +031200.00
W_010357     201.3509060       3.2000000     132524.217     +031200.00
W_010358     202.6499440       3.2000000     133035.987     +031200.00
W_010359     203.9489830       3.2000000     133547.756     +031200.00
W_010360     205.2480210       3.2000000     134059.525     +031200.00
W_010361     206.5470590       3.2000000     134611.294     +031200.00
W_010362     207.8460970       3.2000000     135123.063     +031200.00
W_010363     209.1451350       3.2000000     135634.832     +031200.00
W_010364     210.4441730       3.2000000     140146.602     +031200.00
W_010365     211.7432110       3.2000000     140658.371     +031200.00
W_010366     213.0422490       3.2000000     141210.140     +031200.00
W_010367     214.3412870       3.2000000     141721.909     +031200.00
W_010368     215.6403260       3.2000000     142233.678     +031200.00
W_010369     216.9393640       3.2000000     142745.447     +031200.00
W_010370     218.2384020       3.2000000     143257.216     +031200.00
W_010371     219.5374400       3.2000000     143808.986     +031200.00
W_010372     220.8364780       3.2000000     144320.755     +031200.00
W_010373     222.1355160       3.2000000     144832.524     +031200.00
W_010374     223.4345540       3.2000000     145344.293     +031200.00
W_010375     224.7335920       3.2000000     145856.062     +031200.00
W_010376     129.2540000       4.3250000     083700.960     +041930.00
W_010377     130.5530000       4.3250000     084212.720     +041930.00
W_010378     131.8520000       4.3250000     084724.480     +041930.00
W_010379     133.1510000       4.3250000     085236.240     +041930.00
W_010380     134.4500000       4.3250000     085748.000     +041930.00
W_010381     135.7490000       4.3250000     090259.760     +041930.00
W_010382     137.0490000       4.3250000     090811.760     +041930.00
W_010383     138.3480000       4.3250000     091323.520     +041930.00
W_010384     139.6470000       4.3250000     091835.280     +041930.00
W_010385     140.9460000       4.3250000     092347.040     +041930.00
W_010386     142.2450000       4.3250000     092858.800     +041930.00
W_010387     143.5437110       4.3250000     093410.491     +041930.00
W_010388     144.8427490       4.3250000     093922.260     +041930.00
W_010389     146.1417870       4.3250000     094434.029     +041930.00
W_010390     147.4408250       4.3250000     094945.798     +041930.00
W_010391     148.7398630       4.3250000     095457.567     +041930.00
W_010392     150.0389010       4.3250000     100009.336     +041930.00
W_010393     151.3379390       4.3250000     100521.105     +041930.00
W_010394     152.6369770       4.3250000     101032.874     +041930.00
W_010395     153.9360160       4.3250000     101544.644     +041930.00
W_010396     155.2350540       4.3250000     102056.413     +041930.00
W_010397     156.5340920       4.3250000     102608.182     +041930.00
W_010398     157.8331300       4.3250000     103119.951     +041930.00
W_010399     159.1321680       4.3250000     103631.720     +041930.00
W_010400     160.4312060       4.3250000     104143.489     +041930.00
W_010401     161.7302440       4.3250000     104655.259     +041930.00
W_010402     163.0292820       4.3250000     105207.028     +041930.00
W_010403     164.3283200       4.3250000     105718.797     +041930.00
W_010404     165.6273580       4.3250000     110230.566     +041930.00
W_010405     166.9263970       4.3250000     110742.335     +041930.00
W_010406     168.2254350       4.3250000     111254.104     +041930.00
W_010407     169.5244730       4.3250000     111805.874     +041930.00
W_010408     170.8235110       4.3250000     112317.643     +041930.00
W_010409     172.1225490       4.3250000     112829.412     +041930.00
W_010410     173.4215870       4.3250000     113341.181     +041930.00
W_010411     174.7206250       4.3250000     113852.950     +041930.00
W_010412     176.0196630       4.3250000     114404.719     +041930.00
W_010413     177.3187010       4.3250000     114916.488     +041930.00
W_010414     178.6177400       4.3250000     115428.258     +041930.00
W_010415     179.9167780       4.3250000     115940.027     +041930.00
W_010416     181.2158160       4.3250000     120451.796     +041930.00
W_010417     182.5148540       4.3250000     121003.565     +041930.00
W_010418     183.8138920       4.3250000     121515.334     +041930.00
W_010419     185.1129300       4.3250000     122027.103     +041930.00
W_010420     186.4119680       4.3250000     122538.872     +041930.00
W_010421     187.7110060       4.3250000     123050.641     +041930.00
W_010422     189.0100440       4.3250000     123602.411     +041930.00
W_010423     190.3090820       4.3250000     124114.180     +041930.00
W_010424     191.6081210       4.3250000     124625.949     +041930.00
W_010425     192.9071590       4.3250000     125137.718     +041930.00
W_010426     194.2061970       4.3250000     125649.487     +041930.00
W_010427     195.5052350       4.3250000     130201.256     +041930.00
W_010428     196.8042730       4.3250000     130713.026     +041930.00
W_010429     198.1033110       4.3250000     131224.795     +041930.00
W_010430     199.4023490       4.3250000     131736.564     +041930.00
W_010431     200.7013870       4.3250000     132248.333     +041930.00
W_010432     202.0004250       4.3250000     132800.102     +041930.00
W_010433     203.2994640       4.3250000     133311.871     +041930.00
W_010434     204.5985020       4.3250000     133823.640     +041930.00
W_010435     205.8975400       4.3250000     134335.410     +041930.00
W_010436     207.1965780       4.3250000     134847.179     +041930.00
W_010437     208.4956160       4.3250000     135358.948     +041930.00
W_010438     209.7946540       4.3250000     135910.717     +041930.00
W_010439     211.0936920       4.3250000     140422.486     +041930.00
W_010440     212.3927300       4.3250000     140934.255     +041930.00
W_010441     213.6917680       4.3250000     141446.024     +041930.00
W_010442     214.9908060       4.3250000     141957.793     +041930.00
W_010443     216.2898450       4.3250000     142509.563     +041930.00
W_010444     217.5888830       4.3250000     143021.332     +041930.00
W_010445     218.8879210       4.3250000     143533.101     +041930.00
W_010446     220.1869590       4.3250000     144044.870     +041930.00
W_010447     221.4859970       4.3250000     144556.639     +041930.00
W_010448     222.7850350       4.3250000     145108.408     +041930.00
W_010449     224.0840730       4.3250000     145620.178     +041930.00
W_010450     225.3831110       4.3250000     150131.947     +041930.00
W_020001      29.9784000      -6.0250000     015954.816     -060130.00
W_020002      31.2774000      -6.0250000     020506.576     -060130.00
W_020003      32.5764000      -6.0250000     021018.336     -060130.00
W_020004      33.8755000      -6.0250000     021530.120     -060130.00
W_020005      35.1745000      -6.0250000     022041.880     -060130.00
W_020006      36.4735000      -6.0250000     022553.640     -060130.00
W_020007      37.7726000      -6.0250000     023105.424     -060130.00
W_020008      39.0716000      -6.0250000     023617.184     -060130.00
W_020009      29.3289000      -4.9000000     015718.936     -045400.00
W_020010      30.6279000      -4.9000000     020230.696     -045400.00
W_020011      31.9269000      -4.9000000     020742.456     -045400.00
W_020012      33.2260000      -4.9000000     021254.240     -045400.00
W_020013      34.5250000      -4.9000000     021806.000     -045400.00
W_020014      35.8240000      -4.9000000     022317.760     -045400.00
W_020015      37.1231000      -4.9000000     022829.544     -045400.00
W_020016      38.4221000      -4.9000000     023341.304     -045400.00
W_020017      29.9784000      -3.7750000     015954.816     -034630.00
W_020018      31.2774000      -3.7750000     020506.576     -034630.00
W_020019      32.5764000      -3.7750000     021018.336     -034630.00
W_020020      33.8755000      -3.7750000     021530.120     -034630.00
W_020021      35.1745000      -3.7750000     022041.880     -034630.00
W_020022      36.4735000      -3.7750000     022553.640     -034630.00
W_020023      37.7726000      -3.7750000     023105.424     -034630.00
W_020024      39.0716000      -3.7750000     023617.184     -034630.00
W_020025      29.3289000      -2.6500000     015718.936     -023900.00
W_020026      30.6279000      -2.6500000     020230.696     -023900.00
W_020027      31.9269000      -2.6500000     020742.456     -023900.00
W_020028      33.2260000      -2.6500000     021254.240     -023900.00
W_020029      34.5250000      -2.6500000     021806.000     -023900.00
W_020030      35.8240000      -2.6500000     022317.760     -023900.00
W_020031      37.1231000      -2.6500000     022829.544     -023900.00
W_020032      38.4221000      -2.6500000     023341.304     -023900.00
W_020033      29.9784000      -1.5250000     015954.816     -013130.00
W_020034      31.2774000      -1.5250000     020506.576     -013130.00
W_020035      32.5764000      -1.5250000     021018.336     -013130.00
W_020036      33.8755000      -1.5250000     021530.120     -013130.00
W_020037      35.1745000      -1.5250000     022041.880     -013130.00
W_020038      36.4735000      -1.5250000     022553.640     -013130.00
W_020039      37.7726000      -1.5250000     023105.424     -013130.00
W_020040      39.0716000      -1.5250000     023617.184     -013130.00
W_020041     330.8721000      -0.4000000     220329.304     -002400.00
W_020042     332.1712000      -0.4000000     220841.088     -002400.00
W_020043     333.4702000      -0.4000000     221352.848     -002400.00
W_020044     334.7692000      -0.4000000     221904.608     -002400.00
W_020045     336.0683000      -0.4000000     222416.392     -002400.00
W_020046     337.3673000      -0.4000000     222928.152     -002400.00
W_020047     338.6664000      -0.4000000     223439.936     -002400.00
W_020048     339.9654000      -0.4000000     223951.696     -002400.00
W_020049     341.2644000      -0.4000000     224503.456     -002400.00
W_020050     342.5635000      -0.4000000     225015.240     -002400.00
W_020051     343.8625000      -0.4000000     225527.000     -002400.00
W_020052     345.1615000      -0.4000000     230038.760     -002400.00
W_020053     346.4606000      -0.4000000     230550.544     -002400.00
W_020054     347.7596000      -0.4000000     231102.304     -002400.00
W_020055     349.0587000      -0.4000000     231614.088     -002400.00
W_020056     350.3576900      -0.4000000     232125.846     -002400.00
W_020057     351.6567300      -0.4000000     232637.615     -002400.00
W_020058     352.9557700      -0.4000000     233149.385     -002400.00
W_020059     354.2548100      -0.4000000     233701.154     -002400.00
W_020060     355.5538500      -0.4000000     234212.924     -002400.00
W_020061     356.8528900      -0.4000000     234724.694     -002400.00
W_020062     358.1519200      -0.4000000     235236.461     -002400.00
W_020063     359.4509620      -0.4000000     235748.231     -002400.00
W_020064       0.7500000      -0.4000000     000300.000     -002400.00
W_020065       2.0490400      -0.4000000     000811.770     -002400.00
W_020066       3.3480800      -0.4000000     001323.539     -002400.00
W_020067       4.6471100      -0.4000000     001835.306     -002400.00
W_020068       5.9461500      -0.4000000     002347.076     -002400.00
W_020069       7.2451900      -0.4000000     002858.846     -002400.00
W_020070       8.5442300      -0.4000000     003410.615     -002400.00
W_020071       9.8432700      -0.4000000     003922.385     -002400.00
W_020072      11.1423000      -0.4000000     004434.152     -002400.00
W_020073      12.4413000      -0.4000000     004945.912     -002400.00
W_020074      13.7404000      -0.4000000     005457.696     -002400.00
W_020075      15.0394000      -0.4000000     010009.456     -002400.00
W_020076      16.3385000      -0.4000000     010521.240     -002400.00
W_020077      17.6375000      -0.4000000     011033.000     -002400.00
W_020078      18.9365000      -0.4000000     011544.760     -002400.00
W_020079      20.2356000      -0.4000000     012056.544     -002400.00
W_020080      21.5346000      -0.4000000     012608.304     -002400.00
W_020081      22.8336000      -0.4000000     013120.064     -002400.00
W_020082      24.1327000      -0.4000000     013631.848     -002400.00
W_020083      25.4317000      -0.4000000     014143.608     -002400.00
W_020084      26.7308000      -0.4000000     014655.392     -002400.00
W_020085      28.0298000      -0.4000000     015207.152     -002400.00
W_020086      29.3288000      -0.4000000     015718.912     -002400.00
W_020087      30.6279000      -0.4000000     020230.696     -002400.00
W_020088      31.9269000      -0.4000000     020742.456     -002400.00
W_020089      33.2260000      -0.4000000     021254.240     -002400.00
W_020090      34.5250000      -0.4000000     021806.000     -002400.00
W_020091      35.8240000      -0.4000000     022317.760     -002400.00
W_020092      37.1231000      -0.4000000     022829.544     -002400.00
W_020093      38.4221000      -0.4000000     023341.304     -002400.00
W_020094     331.5216000       0.7250000     220605.184     +004330.00
W_020095     332.8207000       0.7250000     221116.968     +004330.00
W_020096     334.1197000       0.7250000     221628.728     +004330.00
W_020097     335.4188000       0.7250000     222140.512     +004330.00
W_020098     336.7178000       0.7250000     222652.272     +004330.00
W_020099     338.0168000       0.7250000     223204.032     +004330.00
W_020100     339.3159000       0.7250000     223715.816     +004330.00
W_020101     340.6149000       0.7250000     224227.576     +004330.00
W_020102     341.9139000       0.7250000     224739.336     +004330.00
W_020103     343.2130000       0.7250000     225251.120     +004330.00
W_020104     344.5120000       0.7250000     225802.880     +004330.00
W_020105     345.8111000       0.7250000     230314.664     +004330.00
W_020106     347.1101000       0.7250000     230826.424     +004330.00
W_020107     348.4091000       0.7250000     231338.184     +004330.00
W_020108     349.7082000       0.7250000     231849.968     +004330.00
W_020109     351.0072100       0.7250000     232401.730     +004330.00
W_020110     352.3062500       0.7250000     232913.500     +004330.00
W_020111     353.6052900       0.7250000     233425.270     +004330.00
W_020112     354.9043300       0.7250000     233937.039     +004330.00
W_020113     356.2033700       0.7250000     234448.809     +004330.00
W_020114     357.5024000       0.7250000     235000.576     +004330.00
W_020115     358.8014400       0.7250000     235512.346     +004330.00
W_020116       0.1004810       0.7250000     000024.115     +004330.00
W_020117       1.3995200       0.7250000     000535.885     +004330.00
W_020118       2.6985600       0.7250000     001047.654     +004330.00
W_020119       3.9976000       0.7250000     001559.424     +004330.00
W_020120       5.2966300       0.7250000     002111.191     +004330.00
W_020121       6.5956700       0.7250000     002622.961     +004330.00
W_020122       7.8947100       0.7250000     003134.730     +004330.00
W_020123       9.1937500       0.7250000     003646.500     +004330.00
W_020124      10.4928000       0.7250000     004158.272     +004330.00
W_020125      11.7918000       0.7250000     004710.032     +004330.00
W_020126      13.0909000       0.7250000     005221.816     +004330.00
W_020127      14.3899000       0.7250000     005733.576     +004330.00
W_020128      15.6889000       0.7250000     010245.336     +004330.00
W_020129      16.9880000       0.7250000     010757.120     +004330.00
W_020130      18.2870000       0.7250000     011308.880     +004330.00
W_020131      19.5861000       0.7250000     011820.664     +004330.00
W_020132      20.8851000       0.7250000     012332.424     +004330.00
W_020133      22.1841000       0.7250000     012844.184     +004330.00
W_020134      23.4832000       0.7250000     013355.968     +004330.00
W_020135      24.7822000       0.7250000     013907.728     +004330.00
W_020136      26.0812000       0.7250000     014419.488     +004330.00
W_020137      27.3803000       0.7250000     014931.272     +004330.00
W_020138      28.6793000       0.7250000     015443.032     +004330.00
W_020139      29.9784000       0.7250000     015954.816     +004330.00
W_020140      31.2774000       0.7250000     020506.576     +004330.00
W_020141      32.5764000       0.7250000     021018.336     +004330.00
W_020142      33.8755000       0.7250000     021530.120     +004330.00
W_020143      35.1745000       0.7250000     022041.880     +004330.00
W_020144      36.4735000       0.7250000     022553.640     +004330.00
W_020145      37.7726000       0.7250000     023105.424     +004330.00
W_020146      39.0716000       0.7250000     023617.184     +004330.00
W_020147     330.8721000       1.8500000     220329.304     +015100.00
W_020148     332.1712000       1.8500000     220841.088     +015100.00
W_020149     333.4702000       1.8500000     221352.848     +015100.00
W_020150     334.7692000       1.8500000     221904.608     +015100.00
W_020151     336.0683000       1.8500000     222416.392     +015100.00
W_020152     337.3673000       1.8500000     222928.152     +015100.00
W_020153     338.6664000       1.8500000     223439.936     +015100.00
W_020154     339.9654000       1.8500000     223951.696     +015100.00
W_020155     341.2644000       1.8500000     224503.456     +015100.00
W_020156     342.5635000       1.8500000     225015.240     +015100.00
W_020157     343.8625000       1.8500000     225527.000     +015100.00
W_020158     345.1615000       1.8500000     230038.760     +015100.00
W_020159     346.4606000       1.8500000     230550.544     +015100.00
W_020160     347.7596000       1.8500000     231102.304     +015100.00
W_020161     349.0587000       1.8500000     231614.088     +015100.00
W_020162     350.3576900       1.8500000     232125.846     +015100.00
W_020163     351.6567300       1.8500000     232637.615     +015100.00
W_020164     352.9557700       1.8500000     233149.385     +015100.00
W_020165     354.2548100       1.8500000     233701.154     +015100.00
W_020166     355.5538500       1.8500000     234212.924     +015100.00
W_020167     356.8528900       1.8500000     234724.694     +015100.00
W_020168     358.1519200       1.8500000     235236.461     +015100.00
W_020169     359.4509620       1.8500000     235748.231     +015100.00
W_020170       0.7500000       1.8500000     000300.000     +015100.00
W_020171       2.0490400       1.8500000     000811.770     +015100.00
W_020172       3.3480800       1.8500000     001323.539     +015100.00
W_020173       4.6471100       1.8500000     001835.306     +015100.00
W_020174       5.9461500       1.8500000     002347.076     +015100.00
W_020175       7.2451900       1.8500000     002858.846     +015100.00
W_020176       8.5442300       1.8500000     003410.615     +015100.00
W_020177       9.8432700       1.8500000     003922.385     +015100.00
W_020178      11.1423000       1.8500000     004434.152     +015100.00
W_020179      12.4413000       1.8500000     004945.912     +015100.00
W_020180      13.7404000       1.8500000     005457.696     +015100.00
W_020181      15.0394000       1.8500000     010009.456     +015100.00
W_020182      16.3385000       1.8500000     010521.240     +015100.00
W_020183      17.6375000       1.8500000     011033.000     +015100.00
W_020184      18.9365000       1.8500000     011544.760     +015100.00
W_020185      20.2356000       1.8500000     012056.544     +015100.00
W_020186      21.5346000       1.8500000     012608.304     +015100.00
W_020187      22.8336000       1.8500000     013120.064     +015100.00
W_020188      24.1327000       1.8500000     013631.848     +015100.00
W_020189      25.4317000       1.8500000     014143.608     +015100.00
W_020190      26.7308000       1.8500000     014655.392     +015100.00
W_020191      28.0298000       1.8500000     015207.152     +015100.00
W_020192      29.3288000       1.8500000     015718.912     +015100.00
W_020193      30.6279000       1.8500000     020230.696     +015100.00
W_020194      31.9269000       1.8500000     020742.456     +015100.00
W_020195      33.2260000       1.8500000     021254.240     +015100.00
W_020196      34.5250000       1.8500000     021806.000     +015100.00
W_020197      35.8240000       1.8500000     022317.760     +015100.00
W_020198      37.1231000       1.8500000     022829.544     +015100.00
W_020199      38.4221000       1.8500000     023341.304     +015100.00
W_020200     331.5216000       2.9750000     220605.184     +025830.00
W_020201     332.8207000       2.9750000     221116.968     +025830.00
W_020202     334.1197000       2.9750000     221628.728     +025830.00
W_020203     335.4188000       2.9750000     222140.512     +025830.00
W_020204     336.7178000       2.9750000     222652.272     +025830.00
W_020205     338.0168000       2.9750000     223204.032     +025830.00
W_020206     339.3159000       2.9750000     223715.816     +025830.00
W_020207     340.6149000       2.9750000     224227.576     +025830.00
W_020208     341.9139000       2.9750000     224739.336     +025830.00
W_020209     343.2130000       2.9750000     225251.120     +025830.00
W_020210     344.5120000       2.9750000     225802.880     +025830.00
W_020211     345.8111000       2.9750000     230314.664     +025830.00
W_020212     347.1101000       2.9750000     230826.424     +025830.00
W_020213     348.4091000       2.9750000     231338.184     +025830.00
W_020214     349.7082000       2.9750000     231849.968     +025830.00
W_020215     351.0072100       2.9750000     232401.730     +025830.00
W_020216     352.3062500       2.9750000     232913.500     +025830.00
W_020217     353.6052900       2.9750000     233425.270     +025830.00
W_020218     354.9043300       2.9750000     233937.039     +025830.00
W_020219     356.2033700       2.9750000     234448.809     +025830.00
W_020220     357.5024000       2.9750000     235000.576     +025830.00
W_020221     358.8014400       2.9750000     235512.346     +025830.00
W_020222       0.1004810       2.9750000     000024.115     +025830.00
W_020223       1.3995200       2.9750000     000535.885     +025830.00
W_020224       2.6985600       2.9750000     001047.654     +025830.00
W_020225       3.9976000       2.9750000     001559.424     +025830.00
W_020226       5.2966300       2.9750000     002111.191     +025830.00
W_020227       6.5956700       2.9750000     002622.961     +025830.00
W_020228       7.8947100       2.9750000     003134.730     +025830.00
W_020229       9.1937500       2.9750000     003646.500     +025830.00
W_020230      10.4928000       2.9750000     004158.272     +025830.00
W_020231      11.7918000       2.9750000     004710.032     +025830.00
W_020232      13.0909000       2.9750000     005221.816     +025830.00
W_020233      14.3899000       2.9750000     005733.576     +025830.00
W_020234      15.6889000       2.9750000     010245.336     +025830.00
W_020235      16.9880000       2.9750000     010757.120     +025830.00
W_020236      18.2870000       2.9750000     011308.880     +025830.00
W_020237      19.5861000       2.9750000     011820.664     +025830.00
W_020238      20.8851000       2.9750000     012332.424     +025830.00
W_020239      22.1841000       2.9750000     012844.184     +025830.00
W_020240      23.4832000       2.9750000     013355.968     +025830.00
W_020241      24.7822000       2.9750000     013907.728     +025830.00
W_020242      26.0812000       2.9750000     014419.488     +025830.00
W_020243      27.3803000       2.9750000     014931.272     +025830.00
W_020244      28.6793000       2.9750000     015443.032     +025830.00
W_020245      29.9784000       2.9750000     015954.816     +025830.00
W_020246      31.2774000       2.9750000     020506.576     +025830.00
W_020247      32.5764000       2.9750000     021018.336     +025830.00
W_020248      33.8755000       2.9750000     021530.120     +025830.00
W_020249      35.1745000       2.9750000     022041.880     +025830.00
W_020250      36.4735000       2.9750000     022553.640     +025830.00
W_020251      37.7726000       2.9750000     023105.424     +025830.00
W_020252      39.0716000       2.9750000     023617.184     +025830.00
W_020253     330.8721000       4.1000000     220329.304     +040600.00
W_020254     332.1712000       4.1000000     220841.088     +040600.00
W_020255     333.4702000       4.1000000     221352.848     +040600.00
W_020256     334.7692000       4.1000000     221904.608     +040600.00
W_020257     336.0683000       4.1000000     222416.392     +040600.00
W_020258     337.3673000       4.1000000     222928.152     +040600.00
W_020259     338.6664000       4.1000000     223439.936     +040600.00
W_020260     339.9654000       4.1000000     223951.696     +040600.00
W_020261     341.2644000       4.1000000     224503.456     +040600.00
W_020262     342.5635000       4.1000000     225015.240     +040600.00
W_020263     343.8625000       4.1000000     225527.000     +040600.00
W_020264     345.1615000       4.1000000     230038.760     +040600.00
W_020265     346.4606000       4.1000000     230550.544     +040600.00
W_020266     347.7596000       4.1000000     231102.304     +040600.00
W_020267     349.0587000       4.1000000     231614.088     +040600.00
W_020268     350.3576900       4.1000000     232125.846     +040600.00
W_020269     351.6567300       4.1000000     232637.615     +040600.00
W_020270     352.9557700       4.1000000     233149.385     +040600.00
W_020271     354.2548100       4.1000000     233701.154     +040600.00
W_020272     355.5538500       4.1000000     234212.924     +040600.00
W_020273     356.8528900       4.1000000     234724.694     +040600.00
W_020274     358.1519200       4.1000000     235236.461     +040600.00
W_020275     359.4509620       4.1000000     235748.231     +040600.00
W_020276       0.7500000       4.1000000     000300.000     +040600.00
W_020277       2.0490400       4.1000000     000811.770     +040600.00
W_020278       3.3480800       4.1000000     001323.539     +040600.00
W_020279       4.6471100       4.1000000     001835.306     +040600.00
W_020280       5.9461500       4.1000000     002347.076     +040600.00
W_020281       7.2451900       4.1000000     002858.846     +040600.00
W_020282       8.5442300       4.1000000     003410.615     +040600.00
W_020283       9.8432700       4.1000000     003922.385     +040600.00
W_020284      11.1423000       4.1000000     004434.152     +040600.00
W_020285      12.4413000       4.1000000     004945.912     +040600.00
W_020286      13.7404000       4.1000000     005457.696     +040600.00
W_020287      15.0394000       4.1000000     010009.456     +040600.00
W_020288      16.3385000       4.1000000     010521.240     +040600.00
W_020289      17.6375000       4.1000000     011033.000     +040600.00
W_020290      18.9365000       4.1000000     011544.760     +040600.00
W_020291      20.2356000       4.1000000     012056.544     +040600.00
W_020292      21.5346000       4.1000000     012608.304     +040600.00
W_020293      22.8336000       4.1000000     013120.064     +040600.00
W_020294      24.1327000       4.1000000     013631.848     +040600.00
W_020295      25.4317000       4.1000000     014143.608     +040600.00
W_020296      26.7308000       4.1000000     014655.392     +040600.00
W_020297      28.0298000       4.1000000     015207.152     +040600.00
W_020298      29.3288000       4.1000000     015718.912     +040600.00
W_020299      30.6279000       4.1000000     020230.696     +040600.00
W_020300      31.9269000       4.1000000     020742.456     +040600.00
W_020301      33.2260000       4.1000000     021254.240     +040600.00
W_020302      34.5250000       4.1000000     021806.000     +040600.00
W_020303      35.8240000       4.1000000     022317.760     +040600.00
W_020304      37.1231000       4.1000000     022829.544     +040600.00
W_020305      38.4221000       4.1000000     023341.304     +040600.00
W_020306     331.5216000       5.2250000     220605.184     +051330.00
W_020307     332.8207000       5.2250000     221116.968     +051330.00
W_020308     334.1197000       5.2250000     221628.728     +051330.00
W_020309     335.4188000       5.2250000     222140.512     +051330.00
W_020310     336.7178000       5.2250000     222652.272     +051330.00
W_020311     338.0168000       5.2250000     223204.032     +051330.00
W_020312     339.3159000       5.2250000     223715.816     +051330.00
W_020313     340.6149000       5.2250000     224227.576     +051330.00
W_020314     341.9139000       5.2250000     224739.336     +051330.00
W_020315     343.2130000       5.2250000     225251.120     +051330.00
W_020316     344.5120000       5.2250000     225802.880     +051330.00
W_020317     345.8111000       5.2250000     230314.664     +051330.00
W_020318     347.1101000       5.2250000     230826.424     +051330.00
W_020319     348.4091000       5.2250000     231338.184     +051330.00
W_020320     349.7082000       5.2250000     231849.968     +051330.00
W_020321     351.0072100       5.2250000     232401.730     +051330.00
W_020322     352.3062500       5.2250000     232913.500     +051330.00
W_020323     353.6052900       5.2250000     233425.270     +051330.00
W_020324     354.9043300       5.2250000     233937.039     +051330.00
W_020325     356.2033700       5.2250000     234448.809     +051330.00
W_020326     357.5024000       5.2250000     235000.576     +051330.00
W_020327     358.8014400       5.2250000     235512.346     +051330.00
W_020328       0.1004810       5.2250000     000024.115     +051330.00
W_020329       1.3995200       5.2250000     000535.885     +051330.00
W_020330       2.6985600       5.2250000     001047.654     +051330.00
W_020331       3.9976000       5.2250000     001559.424     +051330.00
W_020332       5.2966300       5.2250000     002111.191     +051330.00
W_020333       6.5956700       5.2250000     002622.961     +051330.00
W_020334       7.8947100       5.2250000     003134.730     +051330.00
W_020335       9.1937500       5.2250000     003646.500     +051330.00
W_020336      10.4928000       5.2250000     004158.272     +051330.00
W_020337      11.7918000       5.2250000     004710.032     +051330.00
W_020338      13.0909000       5.2250000     005221.816     +051330.00
W_020339      14.3899000       5.2250000     005733.576     +051330.00
W_020340      15.6889000       5.2250000     010245.336     +051330.00
W_020341      16.9880000       5.2250000     010757.120     +051330.00
W_020342      18.2870000       5.2250000     011308.880     +051330.00
W_020343      19.5861000       5.2250000     011820.664     +051330.00
W_020344      20.8851000       5.2250000     012332.424     +051330.00
W_020345      22.1841000       5.2250000     012844.184     +051330.00
W_020346      23.4832000       5.2250000     013355.968     +051330.00
W_020347      24.7822000       5.2250000     013907.728     +051330.00
W_020348      26.0812000       5.2250000     014419.488     +051330.00
W_020349      27.3803000       5.2250000     014931.272     +051330.00
W_020350      28.6793000       5.2250000     015443.032     +051330.00
W_020351      29.9784000       5.2250000     015954.816     +051330.00
W_020352      31.2774000       5.2250000     020506.576     +051330.00
W_020353      32.5764000       5.2250000     021018.336     +051330.00
W_020354      33.8755000       5.2250000     021530.120     +051330.00
W_020355      35.1745000       5.2250000     022041.880     +051330.00
W_020356      36.4735000       5.2250000     022553.640     +051330.00
W_020357      37.7726000       5.2250000     023105.424     +051330.00
W_020358      39.0716000       5.2250000     023617.184     +051330.00
W_020359     330.8721000       6.3500000     220329.304     +062100.00
W_020360     332.1712000       6.3500000     220841.088     +062100.00
W_020361     333.4702000       6.3500000     221352.848     +062100.00
W_020362     334.7692000       6.3500000     221904.608     +062100.00
W_020363     336.0683000       6.3500000     222416.392     +062100.00
W_020364     337.3673000       6.3500000     222928.152     +062100.00
W_020365     338.6664000       6.3500000     223439.936     +062100.00
W_020366     339.9654000       6.3500000     223951.696     +062100.00
W_020367     341.2644000       6.3500000     224503.456     +062100.00
W_020368     342.5635000       6.3500000     225015.240     +062100.00
W_020369     343.8625000       6.3500000     225527.000     +062100.00
W_020370     345.1615000       6.3500000     230038.760     +062100.00
W_020371     346.4606000       6.3500000     230550.544     +062100.00
W_020372     347.7596000       6.3500000     231102.304     +062100.00
W_020373     349.0587000       6.3500000     231614.088     +062100.00
W_020374     350.3576900       6.3500000     232125.846     +062100.00
W_020375     351.6567300       6.3500000     232637.615     +062100.00
W_020376     352.9557700       6.3500000     233149.385     +062100.00
W_020377     354.2548100       6.3500000     233701.154     +062100.00
W_020378     355.5538500       6.3500000     234212.924     +062100.00
W_020379     356.8528900       6.3500000     234724.694     +062100.00
W_020380     358.1519200       6.3500000     235236.461     +062100.00
W_020381     359.4509620       6.3500000     235748.231     +062100.00
W_020382       0.7500000       6.3500000     000300.000     +062100.00
W_020383       2.0490400       6.3500000     000811.770     +062100.00
W_020384       3.3480800       6.3500000     001323.539     +062100.00
W_020385       4.6471100       6.3500000     001835.306     +062100.00
W_020386       5.9461500       6.3500000     002347.076     +062100.00
W_020387       7.2451900       6.3500000     002858.846     +062100.00
W_020388       8.5442300       6.3500000     003410.615     +062100.00
W_020389       9.8432700       6.3500000     003922.385     +062100.00
W_020390      11.1423000       6.3500000     004434.152     +062100.00
W_020391      12.4413000       6.3500000     004945.912     +062100.00
W_020392      13.7404000       6.3500000     005457.696     +062100.00
W_020393      15.0394000       6.3500000     010009.456     +062100.00
W_020394      16.3385000       6.3500000     010521.240     +062100.00
W_020395      17.6375000       6.3500000     011033.000     +062100.00
W_020396      18.9365000       6.3500000     011544.760     +062100.00
W_020397      20.2356000       6.3500000     012056.544     +062100.00
W_020398      21.5346000       6.3500000     012608.304     +062100.00
W_020399      22.8336000       6.3500000     013120.064     +062100.00
W_020400      24.1327000       6.3500000     013631.848     +062100.00
W_020401      25.4317000       6.3500000     014143.608     +062100.00
W_020402      26.7308000       6.3500000     014655.392     +062100.00
W_020403      28.0298000       6.3500000     015207.152     +062100.00
W_020404      29.3288000       6.3500000     015718.912     +062100.00
W_020405      30.6279000       6.3500000     020230.696     +062100.00
W_020406      31.9269000       6.3500000     020742.456     +062100.00
W_020407      33.2260000       6.3500000     021254.240     +062100.00
W_020408      34.5250000       6.3500000     021806.000     +062100.00
W_020409      35.8240000       6.3500000     022317.760     +062100.00
W_020410      37.1231000       6.3500000     022829.544     +062100.00
W_020411      38.4221000       6.3500000     023341.304     +062100.00
W_030001     200.0000000      42.7750000     132000.000     +424630.00
W_030002     201.7697758      42.7750000     132704.746     +424630.00
W_030003     203.5395517      42.7750000     133409.492     +424630.00
W_030004     205.3093275      42.7750000     134114.239     +424630.00
W_030005     207.0791033      42.7750000     134818.985     +424630.00
W_030006     208.8488791      42.7750000     135523.731     +424630.00
W_030007     210.6186550      42.7750000     140228.477     +424630.00
W_030008     212.3884308      42.7750000     140933.223     +424630.00
W_030009     214.1582066      42.7750000     141637.970     +424630.00
W_030010     215.9279824      42.7750000     142342.716     +424630.00
W_030011     217.6977583      42.7750000     143047.462     +424630.00
W_030012     219.4675341      42.7750000     143752.208     +424630.00
W_030013     221.2373099      42.7750000     144456.954     +424630.00
W_030014     223.0070857      42.7750000     145201.701     +424630.00
W_030015     224.7768616      42.7750000     145906.447     +424630.00
W_030016     226.5466374      42.7750000     150611.193     +424630.00
W_030017     228.3164132      42.7750000     151315.939     +424630.00
W_030018     230.0861890      42.7750000     152020.685     +424630.00
W_030019     231.8559649      42.7750000     152725.432     +424630.00
W_030020     233.6257407      42.7750000     153430.178     +424630.00
W_030021     235.3955165      42.7750000     154134.924     +424630.00
W_030022     237.1652923      42.7750000     154839.670     +424630.00
W_030023     238.9350682      42.7750000     155544.416     +424630.00
W_030024     240.7048440      42.7750000     160249.163     +424630.00
W_030025     242.4746198      42.7750000     160953.909     +424630.00
W_030026     244.2443956      42.7750000     161658.655     +424630.00
W_030027     246.0141715      42.7750000     162403.401     +424630.00
W_030028     247.7839473      42.7750000     163108.147     +424630.00
W_030029     249.5537231      42.7750000     163812.894     +424630.00
W_030030     200.8848879      43.9000000     132332.373     +435400.00
W_030031     202.6546637      43.9000000     133037.119     +435400.00
W_030032     204.4244396      43.9000000     133741.865     +435400.00
W_030033     206.1942154      43.9000000     134446.612     +435400.00
W_030034     207.9639912      43.9000000     135151.358     +435400.00
W_030035     209.7337670      43.9000000     135856.104     +435400.00
W_030036     211.5035429      43.9000000     140600.850     +435400.00
W_030037     213.2733187      43.9000000     141305.596     +435400.00
W_030038     215.0430945      43.9000000     142010.343     +435400.00
W_030039     216.8128703      43.9000000     142715.089     +435400.00
W_030040     218.5826462      43.9000000     143419.835     +435400.00
W_030041     220.3524220      43.9000000     144124.581     +435400.00
W_030042     222.1221978      43.9000000     144829.327     +435400.00
W_030043     223.8919736      43.9000000     145534.074     +435400.00
W_030044     225.6617495      43.9000000     150238.820     +435400.00
W_030045     227.4315253      43.9000000     150943.566     +435400.00
W_030046     229.2013011      43.9000000     151648.312     +435400.00
W_030047     230.9710769      43.9000000     152353.058     +435400.00
W_030048     232.7408528      43.9000000     153057.805     +435400.00
W_030049     234.5106286      43.9000000     153802.551     +435400.00
W_030050     236.2804044      43.9000000     154507.297     +435400.00
W_030051     238.0501803      43.9000000     155212.043     +435400.00
W_030052     239.8199561      43.9000000     155916.789     +435400.00
W_030053     241.5897319      43.9000000     160621.536     +435400.00
W_030054     243.3595077      43.9000000     161326.282     +435400.00
W_030055     245.1292836      43.9000000     162031.028     +435400.00
W_030056     246.8990594      43.9000000     162735.774     +435400.00
W_030057     248.6688352      43.9000000     163440.520     +435400.00
D_010001     150.9300000       3.0185556     100343.200     +030106.80
D_010002     149.6712500       2.6655000     095841.100     +023955.80
D_010003     150.5708333       1.7601944     100217.000     +014536.70
D_010004     149.3008333       1.4095000     095712.200     +012434.20
D_020001      35.8138750      -5.3085194     022315.330     -051830.67
D_020002      35.5934583      -4.0623556     022222.430     -040344.48
D_020003      36.8327500      -4.4631722     022719.860     -042747.42
D_030001     353.0352500       0.2803972     233208.460     +001649.43
D_030002     351.7590000       0.2803917     232702.160     +001649.41
D_030003     352.3605417      -0.8441500     232926.530     -005038.94
D_030004     351.0525000      -0.8296139     232412.600     -004946.61
D_040001     242.7533750      53.9418639     161100.810     +535630.71
D_040002     243.9444167      54.9882611     161546.660     +545917.74
D_040003     242.7252917      56.0471250     161054.070     +560249.65
D_040004     241.5674583      54.9880306     160616.190     +545916.91
U_010001     150.1191667       2.2058333     100028.600     +021221.00
U_020001      34.5650000      -4.8500000     021815.600     -045100.00
